Elapsed time is 117.435469 seconds.

result = 

  1×4 struct array with fields:

    ndraw
    meth
    nvar
    pmean
    pstd
    nse
    rne
    nse1
    rne1
    nse2
    rne2
    nse3
    rne3


post_means =

    0.0607
   -0.0165
    0.9451
    0.1577


post_std =

    0.0244
    0.0145
    0.0216
    0.0347


NSE =

   1.0e-04 *

    0.4885
    0.2907
    0.4317
    0.6939


post_median =

    0.0608
   -0.0161
    0.9468
    0.1553


acceptance_rate =

    0.5299
