
Elapsed time is 120.204875 seconds.

result = 

  1×4 struct array with fields:

    ndraw
    meth
    nvar
    pmean
    pstd
    nse
    rne
    nse1
    rne1
    nse2
    rne2
    nse3
    rne3


post_means =

    0.0921
   -0.0131
    0.9414
    0.1472


post_std =

    0.0256
    0.0137
    0.0236
    0.0348


NSE =

   1.0e-04 *

    0.5123
    0.2746
    0.4726
    0.6967


post_median =

    0.0923
   -0.0128
    0.9430
    0.1432


acceptance_rate =

    0.5339
